mode, number, value, time elapsed
0, 1, 2, 2.2172927856445312e-05
0, 2, 0, 4.76837158203125e-06
0, 3, 0, 3.814697265625e-06
0, 4, 6, 9.942054748535156e-05
0, 5, 10, 0.0007884502410888672
0, 6, 0, 3.337860107421875e-06
0, 7, 0, 3.0994415283203125e-06
0, 8, 504, 0.33467698097229004
0, 9, 2656, 3.83201265335083
0, 10, 0, 5.9604644775390625e-06
0, 11, 0, 4.0531158447265625e-06
1, 1, 2, 2.765655517578125e-05
1, 2, 0, 2.86102294921875e-06
1, 3, 0, 3.0994415283203125e-06
1, 4, 6, 0.00011038780212402344
1, 5, 10, 0.0005905628204345703
1, 6, 0, 2.6226043701171875e-06
1, 7, 0, 3.337860107421875e-06
1, 8, 504, 0.3687126636505127
1, 9, 2656, 4.056278228759766
1, 10, 0, 4.0531158447265625e-06
1, 11, 0, 4.0531158447265625e-06
0, 1, 2, 1.4066696166992188e-05
0, 2, 0, 2.86102294921875e-06
0, 3, 0, 2.6226043701171875e-06
0, 4, 6, 0.00015926361083984375
0, 5, 10, 0.0006368160247802734
0, 6, 0, 2.86102294921875e-06
0, 7, 0, 3.0994415283203125e-06
0, 8, 504, 0.34119415283203125
0, 9, 2656, 3.751197338104248
0, 10, 0, 4.291534423828125e-06
0, 11, 0, 3.5762786865234375e-06
1, 1, 2, 2.3365020751953125e-05
1, 2, 0, 2.86102294921875e-06
1, 3, 0, 3.337860107421875e-06
1, 4, 6, 0.0001308917999267578
1, 5, 10, 0.0006477832794189453
1, 6, 0, 2.86102294921875e-06
1, 7, 0, 3.0994415283203125e-06
1, 8, 504, 0.3693661689758301
1, 9, 2656, 3.983811855316162
1, 10, 0, 4.0531158447265625e-06
1, 11, 0, 3.337860107421875e-06
0, 1, 2, 1.8358230590820312e-05
0, 2, 0, 2.1457672119140625e-06
0, 3, 0, 2.1457672119140625e-06
0, 4, 6, 9.107589721679688e-05
0, 5, 10, 0.0005054473876953125
0, 6, 0, 1.6689300537109375e-06
0, 7, 0, 1.6689300537109375e-06
0, 8, 504, 0.3403158187866211
0, 9, 2656, 3.7709031105041504
0, 10, 0, 5.0067901611328125e-06
0, 11, 0, 3.337860107421875e-06
0, 1, 2, 1.811981201171875e-05
0, 2, 0, 2.6226043701171875e-06
0, 3, 0, 2.6226043701171875e-06
0, 4, 6, 0.00013208389282226562
0, 5, 10, 0.0006680488586425781
0, 6, 0, 1.9073486328125e-06
0, 7, 0, 1.6689300537109375e-06
0, 8, 504, 0.33417248725891113
0, 9, 2656, 3.758481740951538
0, 10, 0, 3.5762786865234375e-06
0, 11, 0, 1.9073486328125e-06
1, 1, 2, 1.811981201171875e-05
1, 2, 0, 1.6689300537109375e-06
1, 3, 0, 1.9073486328125e-06
1, 4, 6, 9.965896606445312e-05
1, 5, 10, 0.0005593299865722656
1, 6, 0, 1.6689300537109375e-06
1, 7, 0, 1.430511474609375e-06
1, 8, 504, 0.3634662628173828
1, 9, 2656, 4.001031160354614
1, 10, 0, 4.291534423828125e-06
1, 11, 0, 3.0994415283203125e-06
0, 1, 2, 1.430511474609375e-05
0, 2, 0, 2.6226043701171875e-06
0, 3, 0, 2.6226043701171875e-06
0, 4, 6, 9.369850158691406e-05
0, 5, 10, 0.0004999637603759766
0, 6, 0, 2.384185791015625e-06
0, 7, 0, 2.1457672119140625e-06
0, 8, 504, 0.33750462532043457
0, 9, 2656, 3.7512478828430176
0, 10, 0, 1.239776611328125e-05
0, 11, 0, 8.344650268554688e-06
1, 1, 2, 3.337860107421875e-05
1, 2, 0, 4.291534423828125e-06
1, 3, 0, 3.5762786865234375e-06
1, 4, 6, 0.00011897087097167969
1, 5, 10, 0.0005881786346435547
1, 6, 0, 3.0994415283203125e-06
1, 7, 0, 3.0994415283203125e-06
1, 8, 504, 0.370211124420166
1, 9, 2656, 4.027637958526611
1, 10, 0, 5.245208740234375e-06
1, 11, 0, 4.291534423828125e-06
0, 1, 1, 4.100799560546875e-05
0, 2, 0, 1.2874603271484375e-05
0, 3, 0, 8.821487426757812e-06
0, 4, 6, 0.00014209747314453125
0, 5, 10, 0.0006132125854492188
0, 6, 0, 1.0251998901367188e-05
0, 7, 0, 7.62939453125e-06
0, 8, 504, 0.33229804039001465
0, 9, 2656, 3.7221972942352295
0, 10, 0, 4.291534423828125e-06
0, 11, 0, 2.86102294921875e-06
1, 1, 1, 1.811981201171875e-05
1, 2, 0, 2.1457672119140625e-06
1, 3, 0, 2.384185791015625e-06
1, 4, 6, 9.942054748535156e-05
1, 5, 10, 0.0005576610565185547
1, 6, 0, 2.1457672119140625e-06
1, 7, 0, 2.384185791015625e-06
1, 8, 504, 0.3610832691192627
1, 9, 2656, 4.2857701778411865
1, 10, 0, 5.245208740234375e-06
1, 11, 0, 3.5762786865234375e-06
0, 1, 1, 1.4066696166992188e-05
0, 2, 0, 2.384185791015625e-06
0, 3, 0, 2.384185791015625e-06
0, 4, 6, 8.559226989746094e-05
0, 5, 10, 0.0005185604095458984
0, 6, 0, 1.3589859008789062e-05
0, 7, 0, 5.9604644775390625e-06
0, 8, 504, 0.33054423332214355
0, 9, 2656, 3.583796739578247
0, 10, 0, 4.0531158447265625e-06
0, 11, 0, 2.1457672119140625e-06
1, 1, 1, 2.1219253540039062e-05
1, 2, 0, 1.9073486328125e-06
1, 3, 0, 2.1457672119140625e-06
1, 4, 6, 0.00010704994201660156
1, 5, 10, 0.0005664825439453125
1, 6, 0, 2.1457672119140625e-06
1, 7, 0, 2.1457672119140625e-06
1, 8, 504, 0.3609895706176758
1, 9, 2656, 3.918957471847534
1, 10, 0, 5.245208740234375e-06
1, 11, 0, 2.86102294921875e-06
0, 1, 1, 1.3828277587890625e-05
0, 2, 0, 2.384185791015625e-06
0, 3, 0, 3.0994415283203125e-06
0, 4, 6, 0.00011444091796875
0, 5, 10, 0.0007662773132324219
0, 6, 0, 2.86102294921875e-06
0, 7, 0, 3.5762786865234375e-06
0, 8, 504, 0.32414722442626953
0, 9, 2656, 3.551290273666382
0, 10, 0, 5.245208740234375e-06
0, 11, 0, 3.337860107421875e-06
1, 1, 1, 1.8596649169921875e-05
1, 2, 0, 3.0994415283203125e-06
1, 3, 0, 3.337860107421875e-06
1, 4, 6, 0.00011777877807617188
1, 5, 10, 0.0005774497985839844
1, 6, 0, 2.1457672119140625e-06
1, 7, 0, 2.384185791015625e-06
1, 8, 504, 0.3565831184387207
1, 9, 2656, 4.022507429122925
1, 10, 0, 4.291534423828125e-06
1, 11, 0, 2.86102294921875e-06
0, 1, 1, 0.003002166748046875
0, 2, 0, 0.0004909038543701172
0, 3, 0, 0.0
0, 4, 6, 0.0064945220947265625
0, 5, 10, 0.007003307342529297
0, 6, 0, 0.0
0, 7, 0, 0.0
0, 8, 504, 0.32106518745422363
0, 9, 2656, 2.962122678756714
0, 10, 0, 0.0
0, 11, 0, 0.0
1, 1, 1, 0.0030100345611572266
1, 2, 0, 0.0
1, 3, 0, 0.0
1, 4, 6, 0.002994060516357422
1, 5, 10, 0.0045125484466552734
1, 6, 0, 0.0
1, 7, 0, 0.0
1, 8, 504, 0.29420995712280273
1, 9, 2656, 3.138803720474243
1, 10, 0, 0.0
1, 11, 0, 0.0
0, 1, 1, 0.0039937496185302734
0, 1, 1, 0.004503011703491211
0, 2, 0, 0.0
0, 3, 0, 0.0
0, 4, 6, 0.007504463195800781
0, 5, 10, 0.008506059646606445
0, 6, 0, 0.0
0, 7, 0, 0.0
0, 8, 504, 0.32143282890319824
0, 9, 2656, 2.9807634353637695
0, 10, 0, 0.0
0, 11, 0, 0.0
1, 1, 1, 0.003003835678100586
1, 2, 0, 0.0
1, 3, 0, 0.0
1, 4, 6, 0.00350189208984375
1, 5, 10, 0.0040264129638671875
1, 6, 0, 0.0
1, 7, 0, 0.0
1, 8, 504, 0.2967188358306885
1, 9, 2656, 3.1617469787597656
1, 10, 0, 0.0
1, 11, 0, 0.0
0, 1, 1, 0.0
0, 2, 0, 0.0
0, 3, 0, 0.0
0, 4, 6, 0.000499725341796875
0, 5, 10, 0.0005009174346923828
0, 6, 0, 0.0
0, 7, 0, 0.0
0, 8, 504, 0.2722463607788086
0, 9, 2656, 2.9636662006378174
0, 10, 0, 0.0
0, 11, 0, 0.0
1, 1, 1, 0.0
1, 2, 0, 0.0
1, 3, 0, 0.0
1, 4, 6, 0.0
1, 5, 10, 0.0005104541778564453
1, 6, 0, 0.0
1, 7, 0, 0.0
1, 8, 504, 0.2932093143463135
1, 9, 2656, 3.159316301345825
1, 10, 0, 0.0
1, 11, 0, 0.0
0, 1, 1, 0.0
0, 2, 0, 0.0
0, 3, 0, 0.0
0, 4, 6, 0.0
0, 5, 10, 0.0004916191101074219
0, 6, 0, 0.0
0, 7, 0, 0.0
0, 8, 504, 0.27268362045288086
0, 9, 2656, 2.9695208072662354
0, 10, 0, 0.0
0, 11, 0, 0.0
1, 1, 1, 0.0
1, 2, 0, 0.0
1, 3, 0, 0.0
1, 4, 6, 0.0
1, 5, 10, 0.0009915828704833984
1, 6, 0, 0.0
1, 7, 0, 0.0
1, 8, 504, 0.29720163345336914
1, 9, 2656, 3.171245574951172
1, 10, 0, 0.0
1, 11, 0, 0.0
0, 1, None, 0.003501415252685547
0, 2, 0, 0.0
0, 3, 0, 0.0
0, 4, None, 0.004003047943115234
0, 5, None, 0.0040128231048583984
0, 6, 0, 0.0
0, 7, 0, 0.0
0, 8, None, 0.40178728103637695
0, 9, None, 4.354673385620117
0, 10, 0, 0.0
0, 11, 0, 0.0
1, 1, None, 0.003511667251586914
1, 2, 0, 0.0
1, 3, 0, 0.0
1, 4, None, 0.0035104751586914062
1, 5, None, 0.004002571105957031
1, 6, 0, 0.0
1, 7, 0, 0.0
1, 8, None, 0.44132375717163086
1, 9, None, 4.71943998336792
1, 10, 0, 0.0
1, 11, 0, 0.0
0, 1, None, 0.012014389038085938
0, 2, 0, 0.0
0, 3, 0, 0.0
1, 1, None, 0.006087303161621094
1, 2, 0, 0.0
1, 3, 0, 0.0
0, 1, None, 0.043366432189941406
0, 2, 0, 0.0
0, 3, 0, 0.0
1, 1, None, 0.009553194046020508
1, 2, 0, 0.0
1, 3, 0, 0.0
0, 1, None, 0.015668153762817383
0, 2, 0, 0.0
0, 3, 0, 0.0
1, 1, None, 0.009506702423095703
1, 2, 0, 0.0
1, 3, 0, 0.0
0, 1, None, 0.04523658752441406
0, 2, 0, 0.0005006790161132812
0, 3, 0, 0.0004999637603759766
1, 1, None, 0.009508132934570312
1, 2, 0, 0.0
1, 3, 0, 0.0
0, 1, None, 0.016548871994018555
0, 2, 0, 0.0
0, 3, 0, 0.0
1, 1, None, 0.010005474090576172
1, 2, 0, 0.0
1, 3, 0, 0.0
0, 1, None, 0.024172067642211914
0, 2, 0, 0.0
0, 3, 0, 0.0
1, 1, None, 0.011995553970336914
1, 2, 0, 0.0
1, 3, 0, 0.0
0, 1, None, 0.021043777465820312
0, 2, 0, 0.0
0, 3, 0, 0.0
1, 1, None, 0.01353311538696289
1, 2, 0, 0.0
1, 3, 0, 0.0
0, 1, None, 0.019148826599121094
0, 2, 0, 0.0
0, 3, 0, 0.0
1, 1, None, 0.010506629943847656
1, 2, 0, 0.0
1, 3, 0, 0.0
0, 1, None, 0.017713308334350586
0, 2, 0, 0.0
0, 3, 0, 0.0
1, 1, None, 0.012779712677001953
1, 2, 0, 0.0
1, 3, 0, 0.0
0, 1, None, 0.024016857147216797
0, 2, 0, 0.0
0, 3, 0, 0.0
1, 1, None, 0.022370100021362305
1, 2, 0, 0.0
1, 3, 0, 0.0
0, 1, None, 0.016013383865356445
0, 2, 0, 0.0
0, 3, 0, 0.0
1, 1, None, 0.015639066696166992
1, 2, 0, 0.0
1, 3, 0, 0.0
0, 1, None, 0.01401066780090332
0, 2, 0, 0.0
0, 3, 0, 0.0
1, 1, None, 0.01651477813720703
1, 2, 0, 0.0
1, 3, 0, 0.0
0, 1, None, 0.023821115493774414
0, 2, 0, 0.0
0, 3, 0, 0.0
0, 4, None, 1.5673797130584717
0, 5, None, 10.431099891662598
1, 1, None, 0.014011144638061523
1, 2, 0, 0.0
1, 3, 0, 0.0
1, 4, None, 1.7927649021148682
0, 1, None, 0.008506298065185547
0, 2, 0, 0.0
0, 3, 0, 0.0
0, 4, None, 0.0029926300048828125
0, 5, None, 0.00350189208984375
1, 1, None, 0.008502483367919922
1, 2, 0, 0.0
1, 3, 0, 0.0
1, 4, None, 0.0030121803283691406
1, 5, None, 0.003501415252685547
0, 1, None, 0.01083683967590332
0, 2, 0, 0.0
0, 3, 0, 0.0
0, 4, None, 0.07938599586486816
0, 5, None, 0.463545560836792
1, 1, None, 0.012998819351196289
1, 2, 0, 0.0
1, 3, 0, 0.0
1, 4, None, 0.11533904075622559
1, 5, None, 0.533379077911377
0, 1, None, 0.012144088745117188
0, 2, 0, 0.0
0, 3, 0, 0.0
0, 4, None, 0.10041928291320801
0, 5, None, 0.5200693607330322
1, 1, None, 0.010497808456420898
1, 2, 0, 0.0
1, 3, 0, 0.0
1, 4, None, 0.12938332557678223
0, 1, None, 0.00650477409362793
0, 2, 0, 0.0
0, 3, 0, 0.0
0, 4, None, 0.04903864860534668
0, 5, None, 0.05169987678527832
1, 1, None, 0.006502866744995117
1, 2, 0, 0.0
1, 3, 0, 0.0
1, 4, None, 0.026518821716308594
1, 5, None, 0.04253077507019043
0, 1, None, 0.012517690658569336
0, 2, 0, 0.0
0, 3, 0, 0.0
0, 4, None, 0.028069257736206055
0, 5, None, 0.04253029823303223
1, 1, None, 0.00851583480834961
1, 2, 0, 0.0
1, 3, 0, 0.0
1, 4, None, 0.02502894401550293
1, 5, None, 0.04301333427429199
0, 1, None, 0.013128042221069336
0, 2, 0, 0.0
0, 3, 0, 0.0
0, 4, None, 0.04452824592590332
0, 5, None, 0.2547788619995117
1, 1, None, 0.01043391227722168
1, 2, 0, 0.0
1, 3, 0, 0.0
1, 4, None, 0.05714130401611328
1, 5, None, 0.2616760730743408
0, 1, None, 0.008002519607543945
0, 2, 0, 0.0
0, 3, 0, 0.0
0, 4, None, 0.029660701751708984
0, 5, None, 0.12387752532958984
1, 1, None, 0.00600433349609375
1, 2, 0, 0.0
1, 3, 0, 0.0
1, 4, None, 0.053537607192993164
1, 5, None, 0.15629839897155762
0, 1, None, 0.008505582809448242
0, 2, 0, 0.0
0, 3, 0, 0.0
0, 4, None, 0.028638124465942383
0, 5, None, 0.07310748100280762
1, 1, None, 0.00850820541381836
1, 2, 0, 0.0
1, 3, 0, 0.0
1, 4, None, 0.030324697494506836
1, 5, None, 0.047861576080322266
0, 1, None, 0.009515523910522461
0, 2, 0, 0.0
0, 3, 0, 0.0
0, 4, None, 0.02705669403076172
0, 5, None, 0.04803967475891113
1, 1, None, 0.009004354476928711
1, 2, 0, 0.0
1, 3, 0, 0.0
1, 4, None, 0.02701091766357422
1, 5, None, 0.05854034423828125
0, 1, None, 0.004504203796386719
0, 2, 0, 0.0
0, 3, 0, 0.0
0, 4, None, 0.04653358459472656
0, 5, None, 0.3111255168914795
1, 1, None, 0.0060045719146728516
1, 2, 0, 0.0
1, 3, 0, 0.0
1, 4, None, 0.06337738037109375
1, 5, None, 0.3582031726837158
0, 1, None, 0.006012916564941406
0, 2, 0, 0.0
0, 3, 0, 0.0
0, 4, None, 0.26323366165161133
0, 1, None, 0.007506847381591797
0, 2, 0, 0.0
0, 3, 0, 0.0
0, 4, None, 0.2527141571044922
0, 1, None, 0.005002498626708984
0, 2, 0, 0.0
0, 3, 0, 0.0
0, 4, None, 0.12633633613586426
0, 5, None, 0.43433642387390137
1, 1, None, 0.005995988845825195
1, 2, 0, 0.0
1, 3, 0, 0.0
1, 4, None, 0.23372125625610352
0, 1, None, 0.004996538162231445
0, 2, 0, 0.0
0, 3, 0, 0.0
0, 4, None, 0.21368026733398438
0, 5, None, 0.4828479290008545
1, 1, None, 0.005003929138183594
1, 2, 0, 0.0
1, 3, 0, 0.0
1, 4, None, 0.1796276569366455
1, 5, None, 0.5449190139770508
0, 1, None, 0.00653076171875
0, 2, 0, 0.0
0, 3, 0, 0.0
0, 4, None, 0.41957879066467285
0, 1, None, 0.005001544952392578
0, 2, 0, 0.0
0, 3, 0, 0.0
0, 4, None, 0.2047262191772461
0, 5, None, 0.5264413356781006
1, 1, None, 0.004504203796386719
0, 1, None, 0.004503011703491211
0, 2, 0, 0.0
0, 3, 0, 0.0004985332489013672
0, 4, None, 0.34644103050231934
0, 1, None, 0.006013631820678711
0, 2, 0, 0.0
0, 3, 0, 0.0
0, 4, None, 0.05303788185119629
0, 5, None, 0.311199426651001
1, 1, None, 0.00451350212097168
1, 2, 0, 0.0
1, 3, 0, 0.0
1, 4, None, 0.06646585464477539
1, 5, None, 0.3111097812652588
0, 1, None, 0.004012107849121094
0, 2, 0, 0.0
0, 3, 0, 0.0
0, 4, None, 0.017012596130371094
0, 5, None, 0.030055522918701172
1, 1, None, 0.005002498626708984
1, 2, 0, 0.0
1, 3, 0, 0.0
1, 4, None, 0.017513513565063477
1, 5, None, 0.02910757064819336
0, 1, None, 0.003000497817993164
0, 2, 0, 0.0
0, 3, 0, 0.0
0, 4, None, 0.002503633499145508
0, 5, None, 0.0040035247802734375
1, 1, None, 0.002493143081665039
1, 2, 0, 0.0
1, 3, 0, 0.0
1, 4, None, 0.005995750427246094
1, 5, None, 0.004002571105957031
0, 1, 1, 0.003503561019897461
0, 2, 0, 0.0
0, 3, 0, 0.0
0, 4, 6, 0.002501964569091797
0, 5, 10, 0.0025014877319335938
1, 1, 1, 0.004003047943115234
1, 2, 0, 0.0
1, 3, 0, 0.0
1, 4, 6, 0.002992868423461914
1, 5, 10, 0.002501249313354492
0, 1, 1, 0.0
0, 2, 0, 0.0
0, 3, 0, 0.0
0, 4, 6, 0.0005013942718505859
0, 5, 10, 0.0004918575286865234
1, 1, 1, 0.0
1, 2, 0, 0.0
1, 3, 0, 0.0
1, 4, 6, 0.0
1, 5, 10, 0.0005002021789550781
0, 1, 1, 0.0
0, 2, 0, 0.0
0, 3, 0, 0.0
0, 4, 6, 0.0
0, 5, 10, 0.0004913806915283203
0, 6, 0, 0.0
0, 7, 0, 0.0
0, 8, 504, 0.20264434814453125
0, 9, 2656, 2.082484245300293
1, 1, 1, 0.0
1, 2, 0, 0.0
1, 3, 0, 0.0
1, 4, 6, 0.0004913806915283203
1, 5, 10, 0.0005085468292236328
1, 6, 0, 0.0
1, 7, 0, 0.0
1, 8, 504, 0.21514415740966797
1, 9, 2656, 2.1785507202148438
0, 1, 1, 0.0
0, 2, 0, 0.0
0, 3, 0, 0.0
0, 4, 6, 0.0
0, 5, 10, 0.0004992485046386719
0, 6, 0, 0.0
0, 7, 0, 0.0
0, 8, 504, 0.20913910865783691
0, 9, 2656, 2.0939791202545166
1, 1, 1, 0.0
1, 2, 0, 0.0
1, 3, 0, 0.0
1, 4, 6, 0.0
1, 5, 10, 0.0005006790161132812
1, 6, 0, 0.0
1, 7, 0, 0.0
1, 8, 504, 0.2141430377960205
1, 9, 2656, 2.166069984436035
0, 1, 1, 0.0
0, 2, 0, 0.0
0, 3, 0, 0.0
0, 4, 6, 0.0
0, 5, 10, 0.0005013942718505859
0, 6, 0, 0.0
0, 7, 0, 0.0
0, 8, 504, 0.20714688301086426
0, 9, 2656, 2.1765480041503906
1, 1, 1, 0.0
1, 2, 0, 0.0
1, 3, 0, 0.0
1, 4, 6, 0.0
1, 5, 10, 0.0010004043579101562
1, 6, 0, 0.0
1, 7, 0, 0.0
1, 8, 504, 0.22816252708435059
1, 9, 2656, 2.232588768005371
0, 1, 1, 0.0
0, 2, 0, 0.0
0, 3, 0, 0.0
0, 4, 6, 0.0
0, 5, 10, 0.0005018711090087891
0, 6, 0, 0.0
0, 7, 0, 0.0
0, 8, 504, 0.21215105056762695
0, 9, 2656, 2.1435346603393555
1, 1, 1, 0.0
1, 2, 0, 0.0
1, 3, 0, 0.0
1, 4, 6, 0.0
1, 5, 10, 0.0004990100860595703
1, 6, 0, 0.0
1, 7, 0, 0.0
1, 8, 504, 0.20865797996520996
1, 9, 2656, 2.13801646232605
0, 1, 1, 0.0
0, 2, 0, 0.0
0, 3, 0, 0.0
0, 4, 6, 0.0005002021789550781
0, 5, 10, 0.0004911422729492188
0, 6, 0, 0.0
0, 7, 0, 0.0
0, 8, 504, 0.20914864540100098
0, 9, 2656, 2.1446170806884766
1, 1, 1, 0.0
1, 2, 0, 0.0
1, 3, 0, 0.0
1, 4, 6, 0.0
1, 5, 10, 0.0004999637603759766
1, 6, 0, 0.0
1, 7, 0, 0.0
1, 8, 504, 0.20964908599853516
1, 9, 2656, 2.1340081691741943
test:
0, 1, 1, 0.0
0, 2, 0, 0.0
0, 3, 0, 0.0
0, 4, 6, 0.0
0, 5, 10, 0.0004923343658447266
0, 6, 0, 0.0
0, 7, 0, 0.0
0, 8, 504, 0.21014761924743652
0, 9, 2656, 2.1443750858306885
1, 1, 1, 0.0
1, 2, 0, 0.0
1, 3, 0, 0.0
1, 4, 6, 0.0
1, 5, 10, 0.0005009174346923828
1, 6, 0, 0.0
1, 7, 0, 0.0
1, 8, 504, 0.21013927459716797
1, 9, 2656, 2.15152907371521
0, 1, 1, 0.0
0, 2, 0, 0.0
0, 3, 0, 0.0
0, 4, 6, 0.0005006790161132812
0, 5, 10, 0.0005009174346923828
0, 6, 0, 0.0
0, 7, 0, 0.0
0, 8, 504, 0.21165132522583008
0, 9, 2656, 2.167050361633301
1, 1, 1, 0.0
1, 2, 0, 0.0
1, 3, 0, 0.0
1, 4, 6, 0.0
1, 5, 10, 0.0004913806915283203
1, 6, 0, 0.0
1, 7, 0, 0.0
1, 8, 504, 0.21165132522583008
1, 9, 2656, 2.1275100708007812